100 100
223 669 123 727 481 561 286 61 157 682 564 593 82 842 940 184 398 938 143 153 168 944 240 872 856 828 181 532 718 50 785 429 724 811 593 595 544 801 588 585 145 448 582 299 940 974 228 182 848 199 775 474 870 907 736 655 461 828 16 685 525 100 869 483 19 50 321 99 635 882 520 977 491 886 208 610 204 488 502 844 370 535 588 585 362 762 443 685 438 551 94 709 564 128 249 93 173 907 401 651
0 53 866
1 95
0 79 52
0 16 309
0 28 191
0 99 995
0 35 577
0 61 663
0 21 580
0 73 154
0 51 684
0 17 751
1 83
0 31 506
0 34 936
1 100
1 72
0 73 44
0 100 646
0 70 149
0 5 982
1 75
0 79 587
0 47 506
0 88 587
0 36 698
0 64 467
0 97 999
0 1 54
1 97
0 89 619
0 29 411
0 71 465
0 41 502
0 3 272
0 7 503
0 97 936
0 61 24
0 75 441
0 48 770
1 93
0 45 565
0 67 264
0 54 280
0 75 980
0 7 575
0 99 258
0 99 681
0 3 890
0 7 649
0 6 396
0 61 476
1 88
0 40 435
0 94 480
0 90 110
0 20 620
0 52 61
0 93 344
0 83 42
0 27 233
0 38 508
1 93
0 43 808
0 31 357
0 82 762
0 15 208
0 43 66
0 4 491
0 92 64
0 33 847
0 55 790
0 41 793
0 94 542
0 18 89
0 100 107
0 31 627
0 31 599
0 71 771
0 45 94
0 50 946
0 92 319
0 63 151
0 83 581
0 16 241
0 9 577
0 9 225
0 83 358
0 24 60
0 43 415
0 86 566
0 86 548
0 98 733
0 62 317
1 57
0 89 59
0 86 910
0 79 534
0 87 98
0 46 612
