1000 1000
28 307 600 130 846 793 727 505 651 13 976 228 512 43 485 627 726 839 542 679 629 394 204 262 169 496 840 260 841 760 151 775 324 788 614 892 555 306 978 791 551 207 463 319 473 949 824 858 662 454 224 504 396 745 58 612 391 560 499 313 32 386 105 407 862 935 710 414 66 748 460 800 907 655 122 301 378 837 972 330 388 506 968 608 10 648 300 211 634 656 616 742 246 584 989 906 7 955 680 600 485 387 506 893 961 95 56 260 901 785 860 628 359 390 775 847 171 833 794 793 154 542 328 669 663 111 587 671 68 785 228 242 14 6 809 520 990 820 974 950 543 146 581 955 24 953 325 432 671 944 107 673 895 788 823 318 489 356 295 763 889 484 654 591 608 505 225 424 743 913 747 232 327 493 444 946 71 313 96 350 493 393 631 77 277 482 886 477 817 899 919 188 918 202 503 676 345 531 559 343 788 429 917 100 528 709 654 568 10 891 673 936 716 541 287 484 77 431 168 249 128 830 956 153 1 508 886 603 653 721 690 635 189 502 545 445 483 401 692 382 473 863 341 219 784 967 118 553 397 918 609 207 997 768 600 668 625 476 543 473 470 162 352 701 43 555 79 166 268 916 802 335 208 352 539 863 206 344 446 319 891 348 827 283 202 830 685 149 506 292 742 502 274 401 802 260 115 345 670 728 438 255 285 710 957 417 778 504 311 702 534 427 687 382 891 247 909 144 517 406 916 561 134 887 45 635 275 669 5 249 90 806 843 454 295 254 656 707 413 355 525 20 388 129 425 950 918 213 450 229 101 390 544 685 722 158 553 479 628 991 867 755 309 376 937 346 73 749 709 74 417 299 143 441 656 250 902 336 224 959 775 142 926 463 361 151 731 53 1 387 352 226 347 90 883 851 260 911 397 217 773 797 916 217 133 225 800 338 688 261 337 813 70 774 588 935 978 111 708 408 735 524 249 309 126 701 987 997 119 306 724 49 852 829 220 337 96 414 304 814 84 951 607 451 126 203 635 661 174 506 577 180 520 510 911 526 980 837 472 313 145 65 238 635 968 181 237 244 993 770 141 389 274 811 260 320 587 182 660 180 337 916 467 637 515 731 75 378 713 814 434 365 776 189 188 12 300 752 850 328 33 467 528 192 390 414 536 22 359 209 299 711 777 835 814 617 197 240 752 653 478 568 570 986 133 764 440 768 762 915 814 771 554 48 953 768 2 711 154 594 729 174 854 201 312 363 48 79 336 756 486 1000 871 168 623 37 868 857 735 182 614 268 10 12 864 608 766 347 915 904 232 883 767 787 637 843 205 502 177 931 546 325 6 805 692 729 288 768 499 470 669 279 888 3 27 528 26 103 796 409 936 575 392 203 578 17 652 883 968 930 480 468 319 7 448 371 390 286 356 492 335 95 66 352 836 432 432 693 11 638 538 268 975 839 961 333 68 224 332 311 176 423 929 874 576 2 728 273 958 572 523 432 125 181 659 253 602 835 776 597 922 98 100 156 232 210 361 129 585 998 802 515 78 574 373 865 222 848 505 62 418 564 706 687 38 940 911 295 985 239 953 744 518 277 392 754 731 155 3 654 316 288 775 906 79 801 239 433 880 231 859 311 684 932 250 769 712 839 299 715 944 409 914 650 268 252 749 470 212 257 705 883 402 947 152 747 876 44 490 179 190 891 143 162 695 203 666 294 110 281 172 390 472 864 532 75 767 162 274 581 1000 992 273 988 855 898 902 804 373 41 465 649 217 612 564 599 840 577 537 765 627 178 55 473 940 475 576 77 456 533 325 454 759 997 758 634 946 586 192 739 341 653 641 479 734 643 677 970 140 2 324 716 772 955 152 82 690 349 734 501 890 622 84 526 63 701 912 576 64 720 557 386 7 992 45 451 615 50 367 272 572 648 56 515 615 480 999 596 197 45 428 545 752 336 134 297 759 735 693 507 133 592 529 331 825 244 431 110 723 379 672 226 15 290 146 357 414 465 846 790 254 818 597 68 292 297 917 245 843 438 72 846 466 245 967 356 401 936 824 792 994 141 241 638 276 989 780 636 991 16 807 167 426 41 527 256 177 710 211 226 946 774 421 796 837 727 704 68 387 918 823 199 465 498 809 511 656 186 889 344 912 423 332 627 716 706 840 722 977 316 702 10 436 218 484 463 170 5 274 458 525 211 926 382 752 833 897 526 688 954 312 766 440 146 169 187 113 11 165 927 660 148 76 496 629 416 452 593 184 5 920 674 63 289 927 328 900 263 310 559
0 16 541
0 129 141
0 146 439
0 882 912
0 881 154
0 249 50
0 516 713
1 833
0 475 56
0 426 522
0 283 644
0 829 943
1 806
0 202 248
1 927
1 833
0 76 804
0 662 493
1 769
0 986 962
0 246 193
0 495 320
0 558 809
0 430 236
1 998
0 128 613
0 434 309
0 853 981
0 568 281
0 497 131
0 111 315
0 285 529
0 689 615
0 388 568
0 366 91
0 107 814
0 398 233
0 749 280
0 275 476
0 215 239
0 859 882
0 985 508
0 207 750
0 607 534
0 981 648
0 784 566
0 690 488
0 52 954
0 60 773
0 971 605
0 996 689
0 162 572
0 964 626
0 942 333
0 267 543
0 508 139
0 43 733
0 685 512
0 39 850
0 552 987
1 605
0 155 986
0 829 866
0 669 946
0 975 130
0 970 962
0 631 780
1 688
0 305 359
0 750 411
0 586 491
0 955 767
0 769 34
0 365 228
0 988 64
0 962 750
0 850 532
0 804 347
0 807 433
0 488 298
0 314 540
1 802
1 849
1 911
0 720 743
0 363 566
0 716 981
1 848
0 550 565
0 935 50
0 375 681
0 812 403
0 707 629
0 594 72
0 388 471
0 420 222
1 727
0 401 97
0 459 916
0 441 626
0 416 996
1 854
0 71 64
0 156 368
0 344 379
0 919 820
0 549 493
0 523 77
0 217 220
1 784
0 412 136
0 481 42
0 223 163
0 364 993
0 663 562
0 968 138
0 507 634
0 836 777
0 837 368
1 817
0 197 392
0 887 631
0 841 46
0 529 584
0 62 376
0 790 482
0 395 584
0 442 638
0 320 783
0 406 264
0 539 361
0 381 267
0 686 777
0 823 508
0 271 14
0 34 546
0 976 571
0 676 858
0 323 2
0 585 227
0 133 507
1 897
0 868 739
0 513 640
0 815 184
0 506 20
0 143 364
0 56 133
1 747
0 945 370
0 446 519
0 571 698
0 256 315
0 861 905
0 737 989
0 477 604
0 979 691
0 694 915
0 708 689
0 861 473
0 815 178
0 413 824
0 852 801
0 358 318
0 658 742
0 92 167
0 222 136
0 291 515
0 338 393
0 195 863
0 286 375
0 691 484
1 797
0 273 286
0 98 25
0 912 822
0 282 812
0 48 495
0 614 933
0 62 332
0 633 93
0 681 211
0 190 67
0 973 344
0 827 572
0 485 778
0 30 115
0 989 466
0 577 632
0 908 699
0 928 732
0 373 821
1 973
1 837
0 852 934
0 631 810
0 573 139
0 675 812
0 958 50
0 699 235
0 1000 513
0 678 46
0 769 839
0 874 229
0 224 620
0 374 903
0 820 249
0 595 552
0 157 814
1 935
0 744 830
0 760 334
0 936 10
1 939
0 509 113
0 455 425
0 775 378
0 924 753
0 270 112
0 960 551
0 115 713
1 686
0 876 692
1 838
0 217 868
0 717 145
0 270 54
0 755 274
0 36 244
0 932 141
0 152 11
0 546 32
0 767 274
0 84 686
0 369 798
0 13 916
0 333 102
0 416 409
1 913
0 830 259
0 338 415
0 4 499
0 156 810
1 800
0 463 530
0 637 510
0 440 74
0 140 482
0 34 925
0 175 94
1 665
0 804 312
0 117 410
0 20 59
0 65 104
0 53 23
0 339 818
0 808 161
0 936 640
0 362 622
0 365 543
0 818 27
0 182 305
0 809 240
0 258 22
0 962 617
0 685 118
0 360 495
0 229 589
0 348 906
0 891 958
0 226 629
0 726 743
0 260 234
0 126 502
0 745 474
0 310 283
0 398 793
0 376 487
0 258 783
0 763 813
0 739 940
1 687
0 970 945
0 699 817
0 795 235
0 359 388
0 586 911
0 310 863
0 23 930
0 365 295
0 110 755
1 893
0 189 101
0 569 158
0 165 526
0 246 376
0 742 566
0 586 141
0 671 476
0 309 853
0 786 756
0 804 919
0 186 463
0 70 771
0 929 381
1 748
0 993 736
0 497 776
0 119 936
0 12 508
0 16 38
0 527 88
1 672
0 715 36
0 431 426
0 661 469
0 751 966
0 403 306
0 432 169
0 573 355
0 185 142
0 386 510
0 912 839
1 962
1 946
0 523 83
0 247 638
0 730 254
0 609 209
0 104 64
0 513 462
0 948 138
0 535 955
0 369 548
0 951 789
1 816
0 132 109
0 803 402
0 824 781
1 915
0 93 203
0 611 570
0 824 999
0 505 603
0 322 831
0 931 714
0 777 793
0 666 242
0 232 117
0 164 969
0 46 570
0 823 269
0 801 122
0 617 438
0 680 290
0 551 950
0 111 35
0 703 731
0 779 111
0 732 312
0 951 314
1 917
0 578 452
0 491 645
0 288 208
0 760 549
1 866
0 613 107
0 912 328
0 943 33
0 85 248
0 850 2
0 343 394
0 729 463
0 331 97
0 44 935
0 363 811
0 92 79
0 374 640
0 831 863
0 366 312
0 225 91
0 517 949
0 957 249
0 991 554
0 305 488
0 299 1
0 306 719
1 990
0 917 468
0 970 534
0 752 65
0 740 627
0 452 170
0 305 927
0 690 920
0 564 108
0 918 985
0 701 474
0 282 381
0 73 656
0 249 56
1 894
0 791 744
0 15 700
1 898
0 623 143
0 742 163
0 938 365
0 641 731
0 46 821
0 722 374
0 361 417
0 355 157
0 375 476
0 886 544
0 79 353
1 729
0 441 265
1 800
0 587 90
0 911 203
0 937 586
0 149 998
0 125 80
0 297 449
0 303 540
0 662 200
0 517 815
0 974 649
0 825 499
0 696 729
0 997 39
0 36 438
1 988
0 992 59
0 826 243
0 442 715
0 103 894
0 557 264
0 24 697
0 35 421
1 994
0 516 381
0 96 993
0 237 35
0 825 942
0 293 652
1 816
0 16 561
0 597 62
0 116 201
0 602 713
0 247 866
0 414 342
0 542 300
0 565 394
0 328 426
0 596 844
1 830
0 418 812
0 758 41
0 910 400
1 791
0 842 172
0 8 155
0 125 800
0 236 40
0 856 495
0 7 330
0 745 465
0 838 836
0 928 733
0 857 485
0 29 868
0 353 853
0 27 176
0 94 835
0 410 31
0 245 517
0 8 675
0 282 888
0 665 449
0 549 806
0 751 14
0 699 208
1 691
1 725
0 207 566
0 293 767
0 525 510
0 888 520
0 915 473
0 116 445
0 708 932
0 684 222
0 702 463
0 298 508
0 125 961
0 728 881
1 833
0 188 798
0 243 966
0 538 422
0 264 289
0 316 86
1 969
0 869 6
1 829
0 762 700
1 924
1 931
0 337 796
0 138 974
0 629 999
1 856
0 547 697
0 370 475
0 296 544
0 767 531
0 710 721
0 107 865
0 29 390
0 523 168
0 658 765
0 296 777
0 663 844
0 37 813
0 805 455
0 25 182
0 126 278
0 725 650
0 785 103
0 685 710
0 510 241
0 161 822
0 630 913
0 885 61
0 122 937
1 873
1 610
1 641
0 881 765
0 228 515
0 664 497
0 644 802
0 669 257
0 632 602
0 834 662
0 942 373
0 157 534
0 567 932
0 144 479
0 379 360
0 963 947
0 565 569
0 509 862
0 379 236
0 277 830
0 938 291
0 260 726
0 367 924
0 963 712
0 53 72
0 821 103
0 365 645
0 956 647
0 16 377
0 61 270
0 216 854
0 72 780
0 810 288
0 939 75
0 714 987
0 654 506
0 21 168
0 630 414
0 990 569
0 878 184
0 429 540
0 730 460
0 760 360
0 122 930
0 880 435
0 170 628
0 628 746
0 154 833
1 833
0 209 897
0 105 729
0 420 713
0 556 189
0 214 721
0 143 582
0 961 532
0 472 642
0 113 463
0 119 297
0 951 394
0 457 183
0 667 915
0 575 377
0 123 437
0 353 302
0 655 660
0 196 362
1 693
0 590 240
0 61 794
0 34 830
0 805 824
0 181 119
0 726 587
0 329 540
1 879
0 969 168
0 431 528
0 621 908
0 798 923
0 849 922
0 431 840
0 419 264
0 18 717
0 710 110
0 103 266
0 292 615
1 970
0 469 279
0 639 637
0 709 264
0 573 411
0 851 511
0 473 324
0 579 474
0 121 404
1 941
0 901 139
0 259 136
0 754 332
0 802 253
0 906 771
0 740 63
1 724
0 703 330
0 43 656
0 878 791
0 718 991
1 742
0 57 967
0 750 793
0 997 911
0 313 96
0 631 597
0 548 996
0 86 796
0 424 239
0 94 769
0 306 725
0 66 326
0 763 337
0 428 459
0 193 766
0 120 50
0 210 627
0 216 418
0 725 536
0 261 285
0 310 252
0 284 466
0 655 654
0 558 137
0 358 101
0 813 655
0 8 554
0 79 501
1 753
0 586 205
1 720
0 659 969
0 349 548
0 775 853
0 237 636
0 935 389
0 602 530
0 576 637
0 929 51
0 842 715
0 721 567
0 643 417
0 914 642
0 767 482
0 729 428
0 505 76
0 161 685
0 469 126
0 863 84
0 199 266
0 576 780
0 761 493
0 560 188
0 602 526
1 733
0 839 221
0 978 535
0 264 323
0 45 189
0 748 108
0 184 695
1 893
0 977 781
0 978 408
0 429 865
0 796 224
1 664
0 218 615
0 755 945
0 253 814
0 44 893
0 941 294
0 968 139
0 494 235
0 408 337
0 30 506
0 628 479
0 411 959
0 375 981
0 760 245
1 925
0 385 254
0 167 435
0 300 582
0 128 628
0 86 257
0 301 23
0 114 316
0 594 984
0 547 552
0 458 814
0 165 370
0 491 300
0 916 368
0 453 701
0 21 89
0 752 933
0 14 789
0 764 507
0 207 857
0 161 749
1 903
0 806 294
0 395 355
1 780
0 618 617
0 12 943
1 860
0 900 753
0 616 560
0 56 576
0 350 254
0 398 436
0 457 817
0 857 544
0 333 865
0 195 574
0 573 659
0 20 220
0 814 252
0 616 87
0 433 368
0 229 293
0 907 870
0 999 817
0 66 729
0 535 192
0 243 344
0 363 852
1 868
0 220 785
0 210 149
0 962 102
0 7 888
0 949 542
0 766 358
0 780 940
0 769 769
0 63 967
0 710 954
0 53 580
0 611 495
0 412 365
1 648
0 261 33
0 492 91
0 255 96
0 381 764
1 932
0 298 398
0 850 190
0 958 228
0 438 899
0 2 165
0 156 693
0 785 970
1 704
1 911
0 341 700
0 222 902
0 121 427
0 661 873
1 696
1 827
0 763 143
0 106 628
0 632 288
0 319 182
0 369 166
0 318 660
0 707 399
0 729 823
0 414 262
0 895 636
0 473 905
0 290 407
0 694 701
0 170 287
0 175 396
0 467 6
0 835 551
0 114 604
0 52 959
0 739 390
0 37 547
1 872
0 855 605
0 368 913
0 160 52
0 749 634
0 403 87
0 214 575
0 512 550
0 368 291
0 495 535
0 124 710
0 162 991
0 79 38
0 255 979
0 69 383
1 842
0 748 667
1 743
0 893 259
0 119 732
0 249 469
1 782
0 481 1000
0 788 744
0 881 695
0 542 795
0 255 222
0 999 667
0 612 323
0 844 691
0 429 945
0 303 102
0 531 44
0 924 123
0 32 131
0 969 535
0 400 718
0 194 914
0 114 32
0 659 533
0 154 543
0 437 461
1 777
0 944 512
0 358 976
0 291 463
0 356 273
0 211 327
0 532 326
0 769 542
0 61 358
0 912 945
0 81 555
0 588 243
0 205 103
0 515 118
1 722
0 230 985
0 534 358
0 524 942
0 837 475
0 533 722
1 734
0 912 424
0 853 346
0 487 902
0 369 160
0 481 436
0 504 995
0 466 664
0 526 275
0 463 690
0 242 262
0 175 889
0 628 733
0 918 702
0 591 4
0 496 256
0 887 558
0 962 606
0 388 447
0 589 8
0 753 913
1 975
0 504 804
0 495 905
0 162 338
0 993 907
0 839 981
0 270 173
0 310 993
0 623 689
0 37 972
0 113 917
0 565 896
1 991
0 95 512
0 931 846
0 10 606
0 930 445
0 376 649
0 492 367
1 913
0 339 452
0 556 139
0 704 972
0 446 686
0 283 513
0 804 332
0 904 540
0 373 43
0 701 142
1 794
1 802
0 707 373
0 128 178
0 572 566
0 407 202
1 706
0 325 39
0 999 412
0 572 631
0 631 816
1 702
0 501 35
0 559 960
0 48 506
0 779 850
0 299 74
0 400 356
0 59 295
0 984 188
0 520 95
0 630 549
0 932 224
0 635 843
0 140 662
0 65 27
0 836 838
0 75 628
0 61 318
0 82 435
0 615 79
0 510 203
0 594 380
1 928
0 741 16
0 570 552
0 455 524
0 436 47
0 112 685
0 188 226
0 103 122
0 827 16
0 902 663
1 973
0 193 756
0 766 127
0 405 930
0 320 491
1 628
0 831 305
0 237 219
0 489 735
0 917 410
1 905
0 465 597
